degree
3

starttangent
[-0.4138029443011841, 0.9103664774626047]
1.9974238199217729

endtangent
[0.8422714006615115, 0.539053696423367]
angle 0.5693131911006616 rad

controlpoints
[[2.399185827365247, 3.556238220882021], [1.79819140306395, 4.878425954344872], [3.793761079285986, 10.00772218210104], [9.597527631961984, 2.634051205137613], [-1.014386849068146, -0.7575600644211504], [-0.0580977089595729, 7.39060578138084], [1.891006407840181, 8.638032416132681]]

fitpoints
[[2.399185827365247, 3.556238220882021], [4.039879381831888, 7.592634753109687], [7.045397663022992, 3.861145872597061], [1.411865812287976, 1.712272898605353], [1.891006407840181, 8.638032416132681]]

knots
[0.0, 0.0, 0.0, 0.0, 4.357105955223939, 9.148467912325835, 15.17792362338283, 22.1202374022988, 22.1202374022988, 22.1202374022988, 22.1202374022988]

weights
[1.0, 1.0, 1.0, 1.0, 1.0, 1.0, 1.0]

normalvector
(0.0, 0.0, 1.0)

is_closed
False

is_periodic
False

is_rational
False

is_planar
True

is_linear
False

